661 611
986 936
922 872
844 794
706 656
96 46
718 668
359 309
876 826
427 377
257 207
640 590
847 797
682 632
333 283
155 105
109 59
386 336
296 246
385 335
875 825
337 287
894 844
176 126
205 155
227 177
688 638
697 647
814 764
674 624
785 735
198 148
664 614
276 226
696 646
498 448
508 458
555 505
479 429
812 762
645 595
815 765
787 737
117 67
365 315
507 457
244 194
325 275
837 787
947 897
623 573
285 235
359 309
531 481
837 787
161 111
715 665
262 212
243 193
643 593
696 646
292 242
554 504
465 415
994 944
666 616
984 934
407 357
769 719
923 873
773 723
255 205
702 652
951 901
1025 975
818 768
362 312
797 747
308 258
149 99
241 191
868 818
408 358
621 571
448 398
566 516
464 414
490 440
220 170
839 789
833 783
741 691
638 588
897 847
568 518
708 658
837 787
525 475
771 721
344 294
711 661
865 815
701 651
91 41
609 559
993 943
918 868
171 121
491 441
1008 958
283 233
282 232
777 727
863 813
247 197
658 608
257 207
543 493
811 761
842 792
256 206
830 780
644 594
786 736
547 497
578 528
659 609
622 572
545 495
404 354
399 349
998 948
647 597
1033 983
711 661
452 402
799 749
968 918
697 647
907 857
914 864
176 126
296 246
745 695
584 534
183 133
947 897
842 792
681 631
283 233
426 376
691 641
598 548
599 549
156 106
131 81
72 22
104 54
672 622
567 517
292 242
143 93
509 459
944 894
863 813
151 101
142 92
358 308
301 251
505 455
914 864
697 647
960 910
60 10
510 460
605 555
214 164
975 925
469 419
322 272
762 712
629 579
196 146
979 929
851 801
231 181
545 495
646 596
448 398
996 946
118 68
841 791
838 788
690 640
1013 963
519 469
182 132
463 413
325 275
310 260
486 436
552 502
796 746
213 163
210 160
784 734
104 54
1019 969
195 145
357 307
698 648
131 81
787 737
482 432
778 728
261 211
192 142
829 779
268 218
897 847
622 572
977 927
78 28
631 581
314 264
525 475
395 345
988 938
917 867
911 861
478 428
239 189
59 9
288 238
458 408
332 282
931 881
386 336
1006 956
362 312
957 907
606 556
463 413
893 843
724 674
213 163
902 852
935 885
1045 995
371 321
334 284
455 405
843 793
355 305
934 884
820 770
847 797
905 855
581 531
87 37
984 934
269 219
227 177
159 109
206 156
593 543
691 641
544 494
1021 971
289 239
985 935
254 204
1030 980
463 413
561 511
1041 991
293 243
203 153
369 319
629 579
144 94
767 717
805 755
659 609
240 190
915 865
804 754
340 290
950 900
616 566
1021 971
415 365
164 114
1030 980
809 759
177 127
98 48
187 137
572 522
816 766
259 209
647 597
988 938
372 322
911 861
753 703
1034 984
265 215
279 229
557 507
864 814
677 627
644 594
570 520
687 637
412 362
877 827
650 600
80 30
182 132
917 867
663 613
457 407
433 383
598 548
668 618
372 322
388 338
802 752
978 928
155 105
579 529
132 82
272 222
1030 980
261 211
464 414
219 169
258 208
1030 980
376 326
517 467
287 237
986 936
73 23
545 495
994 944
110 60
381 331
601 551
496 446
56 6
420 370
591 541
251 201
355 305
132 82
343 293
346 296
806 756
959 909
788 738
425 375
130 80
476 426
454 404
418 368
261 211
689 639
167 117
918 868
80 30
850 800
652 602
528 478
790 740
545 495
838 788
851 801
576 526
1048 998
121 71
610 560
895 845
590 540
391 341
306 256
646 596
1019 969
169 119
311 261
1012 962
898 848
328 278
696 646
837 787
544 494
98 48
650 600
993 943
921 871
494 444
983 933
388 338
983 933
548 498
443 393
426 376
384 334
620 570
808 758
618 568
967 917
721 671
441 391
424 374
734 684
607 557
742 692
613 563
215 165
606 556
467 417
210 160
977 927
873 823
637 587
484 434
991 941
163 113
787 737
935 885
118 68
660 610
266 216
734 684
199 149
417 367
999 949
399 349
626 576
413 363
835 785
356 306
710 660
85 35
993 943
1022 972
565 515
753 703
1040 990
406 356
863 813
106 56
830 780
112 62
554 504
772 722
956 906
149 99
449 399
613 563
1007 957
276 226
512 462
236 186
201 151
857 807
744 694
895 845
82 32
838 788
477 427
752 702
396 346
447 397
909 859
278 228
974 924
994 944
450 400
878 828
554 504
874 824
138 88
380 330
788 738
517 467
759 709
570 520
1040 990
215 165
91 41
138 88
615 565
355 305
961 911
319 269
304 254
1022 972
972 922
806 756
599 549
74 24
262 212
102 52
80 30
311 261
832 782
591 541
920 870
806 756
427 377
418 368
843 793
354 304
753 703
155 105
543 493
184 134
200 150
597 547
456 406
207 157
417 367
617 567
373 323
981 931
389 339
100 50
338 288
770 720
693 643
755 705
410 360
578 528
873 823
526 476
168 118
267 217
473 423
236 186
938 888
946 896
771 721
585 535
675 625
191 141
872 822
675 625
528 478
106 56
95 45
421 371
324 274
227 177
945 895
497 447
190 140
904 854
1013 963
919 869
169 119
167 117
345 295
238 188
218 168
1018 968
804 754
198 148
753 703
58 8
881 831
145 95
885 835
280 230
587 537
623 573
113 63
399 349
158 108
704 654
551 501
183 133
76 26
983 933
917 867
941 891
203 153
410 360
576 526
412 362
917 867
367 317
667 617
63 13
519 469
955 905
516 466
324 274
930 880
888 838
313 263
549 499
103 53
280 230
537 487
472 422
354 304
668 618
526 476
199 149
347 297
965 915
430 380
496 446
890 840
793 743
1047 997
202 152
313 263
971 921
491 441
883 833
755 705
811 761
335 285
115 65
913 863
843 793
353 303
418 368
353 303
663 613
861 811
945 895
939 889
777 727
920 870
993 943
989 939
925 875
687 637
614 564
180 130
1048 998
618 568
605 555
539 489
200 150
572 522
835 785
365 315
203 153
311 261
174 124
135 85
480 430
896 846
636 586
498 448
426 376
972 922
518 468
863 813
240 190
530 480
582 532
627 577
435 385
60 10
788 738
593 543
522 472
581 531
790 740
702 652
422 372
1023 973
777 727
425 375
114 64
515 465
85 35
198 148
923 873
339 289
393 343
57 7
67 17
876 826
324 274
401 351
713 663
140 90
842 792
470 420
957 907
331 281
908 858
823 773
211 161
733 683
777 727
721 671
626 576
377 327
327 277
641 591
1012 962
61 11
252 202
453 403
108 58
825 775
884 834
602 552
658 608
713 663
965 915
507 457
86 36
940 890
272 222
80 30
514 464
691 641
383 333
342 292
1035 985
306 256
954 904
591 541
593 543
199 149
90 40
740 690
375 325
989 939
614 564
851 801
537 487
500 450
477 427
859 809
114 64
531 481
911 861
79 29
737 687
963 913
979 929
779 729
1043 993
502 452
320 270
489 439
312 262
583 533
1043 993
939 889
610 560
442 392
1048 998
694 644
355 305
394 344
394 344
495 445
869 819
1024 974
392 342
472 422
455 405
358 308
978 928
577 527
190 140
213 163
201 151
878 828
376 326
375 325
468 418
435 385
668 618
756 706
120 70
632 582
249 199
596 546
381 331
248 198
671 621
173 123
165 115
122 72
859 809
721 671
553 503
161 111
901 851
508 458
309 259
1009 959
131 81
678 628
528 478
329 279
887 837
820 770
305 255
614 564
261 211
547 497
865 815
617 567
863 813
344 294
190 140
169 119
412 362
923 873
733 683
285 235
799 749
567 517
820 770
299 249
737 687
71 21
782 732
952 902
323 273
729 679
479 429
202 152
244 194
722 672
463 413
251 201
103 53
629 579
947 897
163 113
533 483
693 643
973 923
492 442
919 869
487 437
57 7
1016 966
681 631
776 726
915 865
983 933
76 26
243 193
349 299
880 830
364 314
291 241
292 242
186 136
545 495
142 92
808 758
868 818
211 161
719 669
823 773
613 563
348 298
681 631
438 388
580 530
1017 967
1004 954
529 479
537 487
895 845
815 765
394 344
166 116
315 265
409 359
629 579
837 787
516 466
1019 969
1039 989
156 106
589 539
365 315
61 11
105 55
169 119
64 14
472 422
593 543
109 59
936 886
355 305
675 625
946 896
127 77
750 700
795 745
1038 988
374 324
195 145
399 349
264 214
766 716
177 127
233 183
1041 991
624 574
479 429
709 659
695 645
528 478
973 923
58 8
378 328
753 703
888 838
131 81
677 627
693 643
753 703
838 788
72 22
841 791
369 319
877 827
287 237
640 590
101 51
724 674
262 212
333 283
442 392
197 147
511 461
981 931
206 156
697 647
965 915
382 332
155 105
530 480
520 470
607 557
140 90
1014 964
257 207
799 749
1010 960
62 12
268 218
782 732
426 376
66 16
119 69
618 568
92 42
255 205
440 390
51 1
262 212
949 899
568 518
660 610
649 599
1040 990
960 910
272 222
256 206
497 447
565 515
288 238
778 728
674 624
979 929
239 189
230 180
991 941
127 77
1015 965
773 723
720 670
952 902
731 681
625 575
828 778
612 562
729 679
698 648
